110110000000010001
001110001011101001
000000000000000000
100010000011100001
011100100000010001
010110101000010001
001110111011100001
000000000000000000
110110100000000001
001110000011101001
000110100000010011
000000000000000000
101110000011100001
010110100000010001
000000000000000000
111110000000000001
001110000010011001
000010001011101001
000000000000000000
111110000000000001
001110111010011001
000010001011101001
000000000000000000
101110111010011001
010110100000000001
000000000011101001
010010100000010011
000010001001101101
000000000000000000
111110000000010001
000010001011101001
000000000000000000
101110000010010001
010110100000100101
000000000000000000
100000000011101001
011110100000010011
000100100000000001
000000000000000000
111110000000000001
000010001000101001
001010110001101101
010100000000010001
001110011000010001
000000000000000000
111110100000000001
000000000010010001
000000000000000000
111110000000010001
001010101001101001
000010001000100101
000000000000000000
111110000000010001
001010101001001001
000010001000100101
001100110001101101
000000000000000000
110110100000010001
001110000011101001
000000000000000000
111110000000000001
001110001011101001
000110101000010011
000000000000000000
101110111011101001
010110010000010001
001000100001100001
000000000000101001
000000000000010011
000000000000000000
111100000000010001
001110001011100001
000110101000010001
000000000000000000
101110000011101001
000110100000010001
001010101000000001
000010001010101001
001100110001101101
000100010000010011
000000000000000000
101110111010010001
010110000000100101
000000000000000000
111110100000010001
000000000011101001
000000000000000000
100000000000100101
000100100001101001
011110110000010001
000000000000000000
111110000000010001
001000100001101001
000100010000100101
000000000000000000
110100000000010001
001110011000010001
001010110001101001
000010001000100101
000000000000000000
111110101000010001
000010001001101001
011100000000100101
000000000000000000
101110000010010001
000100100000000001
001100110001001001
000010001000100101
001010101001101101
000110011000010011
000000000000000000
111100100000010001
000010000010011001
000000000000000000
111110000000000001
000010000011101001
011100100000010011
000000000000000000
111100100000000001
000010000011101001
000000000000000000
111110000000010011
000010000011101001
011100100000000001
000000000000000000
111100100000000001
000100000010011001
000010001011101001
001100110000010011
000000000000000000
110110000000100101
001110111001101101
000110011000010011
000010001001101001
000000000000000000
111100100000000001
000010000011101001
010010011100010011
001011101111101001
000000000000000000
111110000000000001
000010001011101001
011100000000010011
000000000000000000
100000000010010001
010010100000100101
000010001001001001
001110111000100101
000000000000000000
100111011100000001
000010101101001001
010010011100100101
001110111000100101
000000000000000000
111110000000000001
000100010001001001
001100100000100101
000010000001101101
000000000000000000
111110100001001001
000000000000100101
001000100001101101
000000000000000000
111100000000100001
000010001011100001
011100000000010011
000000000000000000
111100000000010001
000010001011100001
000000000000000000
111100100000010001
000010000011101001
000000000000000000
110010101100000001
000010000011101001
011100100000010011
000000000000000000
111100100000000001
000010000011101001
010010101100010011
000000000000000000
110010000000000001
001100110000011001
000010001001100101
000000000000000000
100000000011100001
001100110000000001
000010010011101001
000010100000010011
000000000000000000
111110100000100101
000000000001101101
001000100000010011
000010001001101001
000000000000000000
100000000010011001
010010100000010001
000000000000000000
110010010000010001
001000100001101001
000000000000100101
000000000000000000
110010100000010001
000000000001101001
001000100000100101
000000000000000000
100100010000100101
001100100001101001
000010000000010001
000000000000000000
110010100000000001
000000101111101001
010010011100010011
000000000000000000
100010000010010001
001000100001001001
000010010000100101
001100110001101101
000000000000000000
100000000000100101
001100010000100101
000010001001101101
000110101000010011
001110111011101001
000110011000000001
000000000000000000
100000000000100101
011110010000100101
000000000000000000
100000000000100101
000000000000000000
101000000000100101
001111111101001001
000000000000000000
100010000000100101
000000000000000000
101110011000100101
000000000000000000
101110011001101001
000000000000000000
101110000011101001
010110100000010001
001010101001001001
000010001000100101
001100110001101101
000000000000000000
100000000010010001
011110100000100101
000110011001001001
001010101000000001
000000000000000000
100000000010010001
000110100000000001
001110010001001001
001110110000100101
001110001001101101
000110101000010011
000000000000000000
100110100000000001
000010000011101001
001110000011101001
011100100000010011
000110101000010011
000000000000000000
111110101000000001
000010001010011001
011110000000010011
000000000000000000
100010000011100001
011100100000010011
000110101000000001
001110111010010001
000000000000000000
110110100000000001
000010000011101001
011100100000010011
001110111011101001
000110011000010011
000000000000000000
111100000000100101
000010001001101101
000110101000010011
001110111010010001
000000000000000000
111100100000010001
000010000011101001
000110101000010001
001110111011101001
000000000000000000
101110001011101001
000110101000000001
010110100000010011
000000000011101001
001000100000000001
000000000000000000
111010110000100101
000010001001101001
000000000000000000
100010001011101001
000000000000000000
100010001000100101
001010110001101001
000000000000000000
101100110001001001
000010001000100101
001010101001101101
000000000000000000
101010110010010001
000000000000000000
101110000000100101
010110100001001001
000000000000000000
110110100001101101
001110000000100101
000000000000000000
100010001010010001
001010110001101101
000110010000100101
000000000000000000
100010001010010001
001010110001001001
000110010000100101
000000000000000000
110110010000100101
001100110001101001
000010001000010001
000000000000000000
110110010000100101
001010101001101001
000010001000010001
000000000000000000
